================== SETTINGS ==================
L =  64 

K =  0.4406867935097715 

h =  0 

b =  2 

nwarm =  2000 

nmeas =  4000 

interval =  10 

ndata =  400 

================== RESULTS ===================
avg cluster size =  0.37274739583333333 * 4096 

MatA_even (lhs) =  [[ 10196.4159  12687.1215   6016.7737  15515.7071  33156.8606   7406.9101
   18765.5519]
 [ 12687.1215  16350.9375   7300.0745  19890.0735  42779.891    9546.2685
   24323.6815]
 [  6016.7737   7300.0745   3843.9791   8895.3353  18919.5858   4339.8843
   10648.8217]
 [ 15515.7071  19890.0735   8895.3353  24941.1199  53323.3614  11398.0669
   30487.0511]
 [ 33156.8606  42779.891   18919.5858  53323.3614 115449.5004  24475.0634
   66287.8046]
 [  7406.9101   9546.2685   4339.8843  11398.0669  24475.0634   6036.3639
   13793.9341]
 [ 18765.5519  24323.6815  10648.8217  30487.0511  66287.8046  13793.9341
   38643.7279]] 

MatC_even (rhs) =  [[ 19186.247   26894.2422   9622.1228  33489.2949  73541.6755  14796.0797
   42791.1122]
 [ 24253.855   34044.007   12156.758   42441.5365  93509.4675  18774.9645
   54857.157 ]
 [ 11161.481   15671.7546   5623.7604  19450.3507  42589.4165   8702.6571
   24595.6446]
 [ 29654.823   41575.4118  14899.6732  52199.8181 114906.5395  22827.9693
   67620.5618]
 [ 63253.918   88831.0348  31633.1352 111632.2266 246247.567   48773.7098
  145440.9348]
 [ 14133.013   19790.5458   7119.9892  24522.1711  53977.1545  11021.9783
   31545.6758]
 [ 35854.687   50288.3302  17938.0348  63528.9109 140053.0755  27573.0077
   82966.9602]] 

MatA_odd (lhs) =  [[ 476309.1184 1564147.024  1499723.9184  780417.5056]
 [1564147.024  5143563.19   4931943.804  2565871.401 ]
 [1499723.9184 4931943.804  4731041.2784 2460782.1156]
 [ 780417.5056 2565871.401  2460782.1156 1280546.0079]] 

MatC_odd (rhs) =  [[ 1755395.3492  5816609.36    5570721.9264  2907538.6568]
 [ 5763873.837  19104617.73   18300277.294   9549664.983 ]
 [ 5526610.0692 18318986.58   17547941.7464  9157079.1868]
 [ 2875929.1203  9532265.675   9130848.4226  4764876.0737]] 

y_t array =  [0.91201041+0.j 0.99454273+0.j 0.99690232+0.j 1.00058172+0.j
 0.98369833+0.j 0.9840858 +0.j 0.98606345+0.j] 

y_h array =  [1.88182592+0.j 1.88045633+0.j 1.88045429+0.j 1.88051887+0.j] 

